00000000101001101000000000000101
00000000101001101000010000000010
00000000101001101000100000000011
00000000101001101000110000000010
00000000101001101001000000000010
00000000101001101001010000000000
00000000101001101010100000000010

00000000101010001000000000001010
00000000101010001001110000011000

00000000101010001000000000101010
00000000101010001001110000011011

00000000101010001000000001001010
00000000101010001001110000011110

00000000101010001000000001101010
00000000101010001001110000100001

00000000101010001000000010001010
00000000101010001001110000100100
00000000101010001010100000100110

00000000101010001010110000000101
00000000101010001010100000001011

00000000101010001010110000000101
00000000101010001010100000001110

00000000101010001010110000000101
00000000101010001010100000010001

00000000101010001010110000000101
00000000101010001010100000010100

00000000101010001010110000000101

00000000101001101001010000000011
00000000101010001010110100000101
00000000101010001010110100100010
00000000101010001010110100100010
